Room
Arena
 31.0000
 629.0000
 439.0000
 0.5000
 91.0000
 453.0000
 450.0000
 0.5000
 91.0000
 453.0000
 425.0000
 0.5000
 91.0000
 615.0000
 295.0000
 0.5000
 91.0000
 642.0000
 295.0000
 0.5000
 91.0000
 806.0000
 426.0000
 0.5000
 91.0000
 807.0000
 448.0000
 0.5000
 91.0000
 614.0000
 583.0000
 0.5000
 91.0000
 641.0000
 584.0000
 0.5000
 91.0000
 480.0000
 553.0000
 0.5000
 91.0000
 479.0000
 323.0000
 0.5000
 91.0000
 779.0000
 323.0000
 0.5000
 91.0000
 780.0000
 556.0000
 0.5000
 29.0000
 481.0000
 532.0000
 0.0000
 29.0000
 500.0000
 552.0000
 0.0000
 29.0000
 627.0000
 562.0000
 0.0000
 29.0000
 627.0000
 319.0000
 0.0000
 29.0000
 476.0000
 437.0000
 0.0000
 29.0000
 786.0000
 437.0000
 0.0000
 29.0000
 761.0000
 554.0000
 0.0000
 29.0000
 779.0000
 538.0000
 0.0000
 29.0000
 779.0000
 345.0000
 0.0000
 29.0000
 760.0000
 326.0000
 0.0000
 29.0000
 499.0000
 325.0000
 0.0000
 29.0000
 479.0000
 344.0000
 0.0000
 7.0000
 540.0000
 431.0000
 0.0000
-1
