Room
battleRoom
 31
 291
 231
 0.500000
 91
 139
 351
 0.500000
 91
 444
 353
 0.500000
 91
 440
 112
 0.500000
 91
 141
 111
 0.500000
 91
 261
 109
 0.500000
 91
 277
 108
 0.500000
 91
 291
 108
 0.500000
 91
 306
 111
 0.500000
 91
 322
 111
 0.500000
 91
 248
 352
 0.500000
 91
 263
 352
 0.500000
 91
 279
 351
 0.500000
 91
 296
 350
 0.500000
 91
 311
 352
 0.500000
 91
 328
 352
 0.500000
 91
 444
 196
 0.500000
 91
 444
 210
 0.500000
 91
 444
 221
 0.500000
 91
 444
 237
 0.500000
 91
 444
 251
 0.500000
 91
 445
 263
 0.500000
 91
 139
 190
 0.500000
 91
 139
 202
 0.500000
 91
 139
 221
 0.500000
 91
 141
 234
 0.500000
 91
 138
 250
 0.500000
 91
 142
 266
 0.500000
 91
 140
 178
 0.500000
 91
 139
 162
 0.500000
 91
 141
 147
 0.500000
 91
 141
 126
 0.500000
 91
 160
 112
 0.500000
 91
 179
 112
 0.500000
 91
 198
 112
 0.500000
 91
 216
 112
 0.500000
 91
 239
 112
 0.500000
 91
 347
 113
 0.500000
 91
 371
 113
 0.500000
 91
 392
 113
 0.500000
 91
 416
 113
 0.500000
 91
 441
 284
 0.500000
 91
 442
 300
 0.500000
 91
 444
 317
 0.500000
 91
 445
 332
 0.500000
 91
 411
 350
 0.500000
 91
 404
 350
 0.500000
 91
 381
 350
 0.500000
 91
 358
 350
 0.500000
 91
 341
 350
 0.500000
 91
 428
 350
 0.500000
 91
 219
 348
 0.500000
 91
 207
 348
 0.500000
 91
 184
 349
 0.500000
 91
 163
 353
 0.500000
 91
 150
 353
 0.500000
 91
 140
 335
 0.500000
 91
 142
 320
 0.500000
 91
 142
 300
 0.500000
 91
 141
 286
 0.500000
 91
 156
 336
 0.500000
 91
 426
 337
 0.500000
 91
 444
 181
 0.500000
 91
 443
 168
 0.500000
 91
 442
 156
 0.500000
 91
 441
 139
 0.500000
 91
 441
 129
 0.500000
 91
 156
 127
 0.500000
 91
 425
 126
 0.500000
 7
 296
 226
 0
 40
 196
 140
 0
 40
 168
 167
 0
 40
 166
 300
 0
 40
 195
 326
 0
 40
 396
 330
 0
 40
 416
 306
 0
 40
 419
 159
 0
 40
 394
 135
 0
 29
 290
 134
 0
 29
 161
 231
 0
 29
 293
 332
 0
 29
 423
 231
 0
 29
 194
 167
 0
 29
 189
 303
 0
 29
 397
 309
 0
 29
 399
 158
 0
 40
 233
 213
 0
 40
 332
 181
 0
 40
 255
 169
 0
 40
 357
 244
 0
 40
 279
 277
 0
 40
 327
 290
 0
 40
 211
 255
 0
 -1