Room
CircleBattle
 19
 1263
 944
 0
 19
 1263
 15
 0
 19
 14
 17
 0
 19
 18
 945
 0
 19
 19
 19
 19
 19
 19
 19
 19
 19
 19
 19
 19
 19
 19
 19
 19
 19
 19
 19
 19
 19
 19
 19
 19
 19
 19
 19
 19
 19
 19
 19
 19
 19
 19
 19
 19
 19
 19
 19
 19
 19
 19
 19
 19
 19
 19
 19
 19
 19
 19
 19
 19
 19
 19
 19
 19
 19
 19
 19
 19
 19
 19
 19
 19
 19
 19
 19
 19
 19
 19
 19
 19
 19
 19
 19
 19
 19
 19
 19
 19
 19
 19
 19
 19
 19
 19
 19
 19
 19
 19
 19
 19
 19
 19
 19
 19
 19
 19
 19
 19
 19
 19
 19
 19
 19
 19
 19
 19
 19
 19
 19
 19
 19
 19
 19
 19
 19
 19
 19
 19
 19
 19
 19
 19
 19
 19
 19
 19
 19
 19
 19
 19
 19
 19
 19
 19
 19
 19
 19
 19
 19
 19
 19
 19
 19
 19
 19
 19
 19
 19
 19
 19
 19
 19
 19
 19
 19
 19
 19
 19
 19
 19
 19
 19
 19
 19
 19
 19
 19
 19
 19
 19
 19
 19
 19
 19
 19
 19
 19
 19
 19
 19
 19
 19
 19
 19
 19
 19
 19
 19
 19
 19
 19
 19
 19
 19
 19
 19
 19
 19
 19
 19
 19
 19
 7
 629
 459
 0
 29
 539
 369
 0
 29
 753
 376
 0
 29
 733
 543
 0
 29
 550
 545
 0
 29
 640
 624
 0
 29
 826
 452
 0
 29
 449
 449
 0
 29
 633
 294
 0
 29
 443
 339
 0
 29
 523
 278
 0
 29
 740
 284
 0
 29
 833
 368
 0
 29
 421
 543
 0
 29
 532
 630
 0
 29
 742
 637
 0
 29
 841
 554
 0
 -1