Room
Square Dugeon
 91.0000
 30.0000
 399.0000
 0.5000
 31.0000
 192.0000
 176.0000
 0.5000
 31.0000
 576.0000
 175.0000
 0.5000
 31.0000
 192.0000
 496.0000
 0.5000
 31.0000
 576.0000
 494.0000
 0.0000
 31.0000
 192.0000
 800.0000
 0.0000
 31.0000
 576.0000
 800.0000
 0.0000
 31.0000
 960.0000
 800.0000
 0.0000
 31.0000
 960.0000
 480.0000
 0.0000
 31.0000
 959.0000
 175.0000
 0.5000
 91.0000
 193.0000
 29.0000
 0.5000
 91.0000
 578.0000
 29.0000
 0.5000
 91.0000
 962.0000
 30.0000
 0.5000
 91.0000
 943.0000
 340.0000
 0.5000
 91.0000
 977.0000
 341.0000
 0.5000
 91.0000
 959.0000
 341.0000
 0.5000
 29.0000
 940.0000
 320.0000
 0.0000
 29.0000
 958.0000
 320.0000
 0.0000
 29.0000
 976.0000
 320.0000
 0.0000
 19.0000
 560.0000
 334.0000
 0.0000
 19.0000
 592.0000
 334.0000
 0.0000
 19.0000
 144.0000
 288.0000
 0.0000
 19.0000
 144.0000
 256.0000
 0.0000
 19.0000
 240.0000
 288.0000
 0.0000
 19.0000
 240.0000
 256.0000
 0.0000
 19.0000
 240.0000
 224.0000
 0.0000
 19.0000
 208.0000
 224.0000
 0.0000
 19.0000
 176.0000
 224.0000
 0.0000
 19.0000
 144.0000
 224.0000
 0.0000
 92.0000
 146.0000
 92.0000
 0.0000
 29.0000
 43.0000
 60.0000
 0.0000
 29.0000
 41.0000
 293.0000
 0.0000
 29.0000
 340.0000
 292.0000
 0.0000
 29.0000
 341.0000
 59.0000
 0.0000
 37.0000
 192.0000
 259.0000
 0.0000
 34.0000
 383.0000
 173.0000
 0.0000
 34.0000
 769.0000
 174.0000
 0.0000
 37.0000
 338.0000
 385.0000
 0.0000
 19.0000
 240.0000
 384.0000
 0.0000
 19.0000
 240.0000
 416.0000
 0.0000
 19.0000
 240.0000
 448.0000
 0.0000
 19.0000
 240.0000
 479.0000
 0.0000
 19.0000
 240.0000
 510.0000
 0.0000
 19.0000
 240.0000
 542.0000
 0.0000
 19.0000
 336.0000
 543.0000
 0.0000
 19.0000
 304.0000
 543.0000
 0.0000
 19.0000
 272.0000
 542.0000
 0.0000
 43.0000
 191.0000
 648.0000
 0.0000
 43.0000
 574.0000
 643.0000
 0.0000
 19.0000
 944.0000
 639.0000
 0.0000
 19.0000
 974.0000
 639.0000
 0.0000
 19.0000
 978.0000
 639.0000
 0.0000
 19.0000
 1136.0000
 495.0000
 0.0000
 19.0000
 1136.0000
 464.0000
 0.0000
 34.0000
 1134.0000
 172.0000
 0.0000
 34.0000
 1134.0000
 172.0000
 0.0000
 36.0000
 1136.0000
 799.0000
 0.0000
 36.0000
 768.0000
 801.0000
 0.0000
 36.0000
 768.0000
 486.0000
 0.0000
 36.0000
 370.0000
 495.0000
 0.0000
 37.0000
 577.0000
 301.0000
 0.5000
 91.0000
 530.0000
 293.0000
 0.5000
 91.0000
 530.0000
 271.0000
 0.5000
 91.0000
 530.0000
 247.0000
 0.5000
 91.0000
 530.0000
 224.0000
 0.5000
 91.0000
 530.0000
 200.0000
 0.5000
 91.0000
 529.0000
 179.0000
 0.5000
 91.0000
 623.0000
 293.0000
 0.5000
 91.0000
 623.0000
 271.0000
 0.5000
 91.0000
 623.0000
 247.0000
 0.5000
 91.0000
 622.0000
 223.0000
 0.5000
 91.0000
 622.0000
 199.0000
 0.5000
 91.0000
 622.0000
 179.0000
 0.5000
 91.0000
 527.0000
 160.0000
 0.5000
 91.0000
 625.0000
 161.0000
 0.5000
 91.0000
 633.0000
 146.0000
 0.5000
 91.0000
 520.0000
 146.0000
 0.5000
 91.0000
 511.0000
 131.0000
 0.5000
 91.0000
 640.0000
 131.0000
 0.5000
 44.0000
 557.0000
 261.0000
 0.0000
 44.0000
 591.0000
 261.0000
 0.0000
 44.0000
 558.0000
 232.0000
 0.0000
 44.0000
 591.0000
 232.0000
 0.0000
 44.0000
 557.0000
 203.0000
 0.0000
 44.0000
 592.0000
 202.0000
 0.0000
 44.0000
 559.0000
 176.0000
 0.0000
 44.0000
 591.0000
 175.0000
 0.0000
 44.0000
 557.0000
 143.0000
 0.0000
 44.0000
 593.0000
 143.0000
 0.5000
 91.0000
 810.0000
 217.0000
 0.5000
 91.0000
 809.0000
 135.0000
 0.5000
 91.0000
 827.0000
 136.0000
 0.5000
 91.0000
 826.0000
 217.0000
 0.5000
 91.0000
 843.0000
 219.0000
 0.5000
 91.0000
 860.0000
 220.0000
 0.5000
 91.0000
 875.0000
 219.0000
 0.5000
 91.0000
 890.0000
 219.0000
 0.5000
 91.0000
 904.0000
 218.0000
 0.5000
 91.0000
 843.0000
 136.0000
 0.5000
 91.0000
 859.0000
 134.0000
 0.5000
 91.0000
 875.0000
 134.0000
 0.5000
 91.0000
 891.0000
 134.0000
 0.5000
 91.0000
 905.0000
 134.0000
 0.5000
 91.0000
 939.0000
 31.0000
 0.5000
 91.0000
 982.0000
 31.0000
 0.5000
 91.0000
 173.0000
 29.0000
 0.5000
 91.0000
 212.0000
 29.0000
 0.5000
 91.0000
 559.0000
 29.0000
 0.5000
 91.0000
 596.0000
 29.0000
 0.5000
 40.0000
 1199.0000
 74.0000
 0.0000
 40.0000
 1267.0000
 109.0000
 0.0000
 40.0000
 1209.0000
 212.0000
 0.0000
 40.0000
 1261.0000
 295.0000
 0.0000
 40.0000
 1182.0000
 352.0000
 0.0000
 40.0000
 1236.0000
 406.0000
 0.0000
 40.0000
 1206.0000
 472.0000
 0.0000
 40.0000
 1263.0000
 542.0000
 0.0000
 40.0000
 1187.0000
 579.0000
 0.0000
 40.0000
 1218.0000
 657.0000
 0.0000
 40.0000
 1262.0000
 688.0000
 0.0000
 40.0000
 1182.0000
 742.0000
 0.0000
 40.0000
 1236.0000
 803.0000
 0.0000
 40.0000
 1256.0000
 866.0000
 0.0000
 40.0000
 1193.0000
 858.0000
 0.0000
 40.0000
 1193.0000
 943.0000
 0.0000
 40.0000
 1227.0000
 908.0000
 0.0000
 40.0000
 1215.0000
 707.0000
 0.0000
 40.0000
 1206.0000
 530.0000
 0.0000
 40.0000
 1193.0000
 289.0000
 0.0000
 40.0000
 1276.0000
 371.0000
 0.0000
 40.0000
 1263.0000
 173.0000
 0.0000
 40.0000
 1175.0000
 114.0000
 0.5000
 91.0000
 812.0000
 592.0000
 0.5000
 91.0000
 1109.0000
 364.0000
 0.5000
 91.0000
 816.0000
 363.0000
 0.5000
 91.0000
 1112.0000
 593.0000
 0.5000
 91.0000
 960.0000
 475.0000
 0.5000
 91.0000
 960.0000
 548.0000
 0.5000
 91.0000
 882.0000
 476.0000
 0.5000
 91.0000
 960.0000
 395.0000
 0.5000
 91.0000
 1042.0000
 475.0000
 0.5000
 44.0000
 1040.0000
 400.0000
 0.0000
 44.0000
 882.0000
 544.0000
 0.0000
 44.0000
 1044.0000
 548.0000
 0.0000
 44.0000
 887.0000
 398.0000
 0.0000
 44.0000
 957.0000
 602.0000
 0.0000
 44.0000
 1110.0000
 472.0000
 0.0000
 44.0000
 277.0000
 503.0000
 0.0000
 44.0000
 276.0000
 416.0000
 0.0000
 44.0000
 327.0000
 412.0000
 0.0000
 44.0000
 330.0000
 501.0000
 0.0000
 44.0000
 494.0000
 429.0000
 0.0000
 44.0000
 657.0000
 573.0000
 0.0000
 44.0000
 577.0000
 493.0000
 0.0000
 44.0000
 491.0000
 563.0000
 0.0000
 44.0000
 657.0000
 419.0000
 0.0000
 19.0000
 526.0000
 606.0000
 0.0000
 19.0000
 528.0000
 575.0000
 0.0000
 19.0000
 528.0000
 543.0000
 0.0000
 19.0000
 528.0000
 510.0000
 0.0000
 19.0000
 528.0000
 480.0000
 0.0000
 19.0000
 529.0000
 513.0000
 0.0000
 19.0000
 527.0000
 449.0000
 0.0000
 19.0000
 526.0000
 442.0000
 0.0000
 19.0000
 624.0000
 382.0000
 0.0000
 19.0000
 624.0000
 415.0000
 0.0000
 19.0000
 625.0000
 413.0000
 0.0000
 19.0000
 624.0000
 450.0000
 0.0000
 19.0000
 624.0000
 447.0000
 0.0000
 19.0000
 624.0000
 480.0000
 0.0000
 19.0000
 624.0000
 511.0000
 0.0000
 19.0000
 624.0000
 543.0000
 0.5000
 91.0000
 44.0000
 382.0000
 0.5000
 91.0000
 19.0000
 478.0000
 0.5000
 91.0000
 19.0000
 504.0000
 0.5000
 91.0000
 44.0000
 609.0000
 0.5000
 91.0000
 338.0000
 609.0000
 0.5000
 91.0000
 337.0000
 570.0000
 0.5000
 91.0000
 269.0000
 585.0000
 0.5000
 91.0000
 230.0000
 610.0000
 0.5000
 91.0000
 230.0000
 570.0000
 0.5000
 91.0000
 302.0000
 589.0000
 0.5000
 44.0000
 175.0000
 314.0000
 0.0000
 44.0000
 206.0000
 312.0000
 0.0000
 44.0000
 190.0000
 338.0000
 0.0000
 44.0000
 173.0000
 363.0000
 0.0000
 44.0000
 207.0000
 361.0000
 0.0000
 44.0000
 126.0000
 468.0000
 0.0000
 44.0000
 182.0000
 472.0000
 0.0000
 44.0000
 145.0000
 549.0000
 0.0000
 44.0000
 160.0000
 767.0000
 0.0000
 44.0000
 248.0000
 854.0000
 0.0000
 44.0000
 162.0000
 851.0000
 0.0000
 44.0000
 241.0000
 761.0000
 0.5000
 91.0000
 80.0000
 809.0000
 0.5000
 91.0000
 107.0000
 856.0000
 0.5000
 91.0000
 149.0000
 913.0000
 0.5000
 91.0000
 199.0000
 917.0000
 0.5000
 91.0000
 258.0000
 919.0000
 0.5000
 91.0000
 317.0000
 875.0000
 0.5000
 91.0000
 329.0000
 843.0000
 0.5000
 91.0000
 331.0000
 761.0000
 0.5000
 91.0000
 313.0000
 733.0000
 0.5000
 91.0000
 284.0000
 707.0000
 0.5000
 91.0000
 248.0000
 689.0000
 0.5000
 91.0000
 149.0000
 688.0000
 0.5000
 91.0000
 128.0000
 694.0000
 0.5000
 91.0000
 106.0000
 712.0000
 0.5000
 91.0000
 86.0000
 742.0000
 0.5000
 91.0000
 556.0000
 943.0000
 0.5000
 91.0000
 573.0000
 944.0000
 0.5000
 91.0000
 592.0000
 945.0000
 0.5000
 91.0000
 424.0000
 758.0000
 0.5000
 91.0000
 437.0000
 759.0000
 0.5000
 91.0000
 450.0000
 759.0000
 0.5000
 91.0000
 463.0000
 759.0000
 0.5000
 91.0000
 478.0000
 759.0000
 0.5000
 91.0000
 489.0000
 759.0000
 0.5000
 91.0000
 504.0000
 759.0000
 0.5000
 91.0000
 517.0000
 759.0000
 0.5000
 91.0000
 527.0000
 759.0000
 0.5000
 91.0000
 535.0000
 759.0000
 0.5000
 91.0000
 613.0000
 756.0000
 0.5000
 91.0000
 631.0000
 756.0000
 0.5000
 91.0000
 646.0000
 756.0000
 0.5000
 91.0000
 655.0000
 753.0000
 0.5000
 91.0000
 678.0000
 754.0000
 0.5000
 91.0000
 700.0000
 754.0000
 0.5000
 91.0000
 716.0000
 752.0000
 0.5000
 91.0000
 729.0000
 752.0000
 0.5000
 91.0000
 615.0000
 914.0000
 0.5000
 91.0000
 616.0000
 890.0000
 0.5000
 91.0000
 616.0000
 879.0000
 0.5000
 91.0000
 616.0000
 871.0000
 0.5000
 91.0000
 616.0000
 857.0000
 0.5000
 91.0000
 612.0000
 841.0000
 0.5000
 91.0000
 532.0000
 905.0000
 0.5000
 91.0000
 532.0000
 890.0000
 0.5000
 91.0000
 531.0000
 865.0000
 0.5000
 91.0000
 529.0000
 850.0000
 0.5000
 91.0000
 529.0000
 847.0000
 0.5000
 44.0000
 570.0000
 800.0000
 0.0000
 44.0000
 464.0000
 806.0000
 0.0000
 44.0000
 468.0000
 874.0000
 0.0000
 44.0000
 566.0000
 880.0000
 0.0000
 44.0000
 684.0000
 883.0000
 0.0000
 44.0000
 681.0000
 808.0000
 0.0000
 44.0000
 685.0000
 697.0000
 0.0000
 44.0000
 568.0000
 705.0000
 0.0000
 44.0000
 461.0000
 702.0000
 0.0000
 29.0000
 942.0000
 944.0000
 0.0000
 29.0000
 962.0000
 944.0000
 0.0000
 29.0000
 981.0000
 944.0000
 0.0000
 29.0000
 812.0000
 682.0000
 0.0000
 29.0000
 831.0000
 682.0000
 0.0000
 29.0000
 813.0000
 703.0000
 0.0000
 29.0000
 812.0000
 914.0000
 0.0000
 29.0000
 813.0000
 890.0000
 0.0000
 29.0000
 832.0000
 912.0000
 0.0000
 29.0000
 1113.0000
 917.0000
 0.0000
 29.0000
 1094.0000
 914.0000
 0.0000
 29.0000
 1109.0000
 892.0000
 0.0000
 29.0000
 1110.0000
 707.0000
 0.0000
 29.0000
 1110.0000
 686.0000
 0.0000
 29.0000
 1092.0000
 686.0000
 0.0000
 29.0000
 962.0000
 794.0000
 0.0000
 29.0000
 908.0000
 849.0000
 0.0000
 29.0000
 1030.0000
 862.0000
 0.0000
 29.0000
 1025.0000
 730.0000
 0.0000
 29.0000
 908.0000
 731.0000
 0.0000
 7.0000
 858.0000
 764.0000
 0.0000
 -1.0000